7, 35, 28, 1, 3, 1, 55, 26, I
, 55, 26, 7, 35, 28, Tl
, 36, 3, 7, 35, 28, 1, 3, 1, oe
a
, 35, 1, 3, ri
, a c C
m= ol H |
—_
, 2a
4 uu pl
, vi
, c=
| » I

:

i P_

: :
4

|_| |_|
ul ru a)
, 7, F P
rm
A |_|
io
, 35, 35, 28, 1, 7, 3S
, 7, 7, 7, 7, 7, 7, 7, 7, 7, 7, 7, 7, 7, 7, 7, 7, 7, 7, 35, 35, 35, 35, 35, 35, 35, 4g |
, 4g |
, 4g |
, 35, 35, |
, |
, |
, 28, 28, 28, a |
, a |
, a |
, 28, 28, 28, 1, 1, 1, 1, a |
, 1, 1, 1, 1, 1, 36, 36, 36, 36, 36, 36, 36, 36, 36, 36, 36, 1, 1, 1, 1, 1, 1, 1, 1, 1, 1, 1, 1, an S
au
, Baer 3
oe
, oe
, 3) #
be
, 7, 7, 7, 7, 7, 7, 35, 35, 35, 35, 35, 35, 35, 35, 35, 35, 28, 28, 28, 28, 28, 28, 28, 28, 28, 28, 28, 1, 1, 1, 1, 1, 35, 35, 35, 35, 35, 35, 35, 35, 28, 28, 28, 28, 28, 28, 28, 28, 28, 28, 28, 28, 28, 28, 28, 28, 1, 1, 1, 1, 1, 1, 1, 1, 1, 1, 1, 1, 1, 1, 1, 1, 3, 3, 7, 7, 7, 7, 7, 7, 7, 7, 7, 7, 7, 7, 3s
, 3s
, 3s
, 3s
, 3s
, 3s
, 3s
, 3s
, 3s
, 3s
, 3s
, 3s
, 3s
, 28, 28, 28, 28, 28, 28, 28, 28, 28, 28, 28, 28, 28, 28, 1, 1, 1, 1, 1, 1, 1, 1, 1, 1, 1, 1, 1, 36, 36, 36, 36, 36, 36, 36, 36, 36, 36, 36, 36, 36, 36, 36, 1, 1, 1, 1, 1, 1, 1, 1, 1, 1, 1, 1, 1, 1, 1, 1, 1, Ti
, 1, 1, 1, 1, 1, 1, 1, 1, 1, Ti
, 7, 7, 7, 7, 7, 7, 7, 7, 7, 7, 7, 7, 35, 35, 35, 35, 35, 35, 35, 35, 35, 35, 35, 35, 35, 35, 28, 28, 28, 28, 28, 28, 28, 28, 28, 28, 28, 28, 28, 28, 28, W
, W
, W
, W
, W
, W
, W
, 1, 1, W
, 1, W
, W
, 36, 36, 36, 36, 36, 36, 36, 36, 36, 36, 36, 36, 36, 36, 36, 36, 1, 1, 1, 1, 1, 1, 1, 1, 1, 1, 1, 1, 1, 1, 1, 1, W
, W
, —E
, 7, 7, 7, 7, 35, 35, 35, 35, 35, 35, 35, 35, 35, 35, 35, 35, 35, 28, 28, 28, 28, 28, 28, 28, 28, 28, 28, 28, 28, 28, 28, 28, i
, i
, I
, I
, i
, I
, I
, I
, i
, i
, i
, i
, i
, i
, 36, 36, 36, 36, 36, 36, 36, 36, 36, 36, 36, 36, 36, 36, 36, ]
, ]
, ]
, ]
, ]
, ]
, ]
, ]
, ]
, ]
, ]
, T
, T
, T
, T
, T
, T
, i
, I
, E
, 5 i
, 7, 7, 7, 7, 7, 7, 7, 7, 7, 7, 7, 7, 7, 7, 7, 55, 55, 55, 55, 55, 55, 55, 55, 55, 55, 55, 55, 55, 28, 28, 28, 28, 28, 28, 28, 28, 28, 28, 28, 28, 28, 28, ll
, ll
, Li
, ll
, ll
, ll
, ll
, ll
, I
, i
, Il
, ll
, Il
, Il
, 56, 56, 56, 56, 56, 56, 56, 56, 56, 56, 56, 56, 56, 56, 56, 56, T
, T
, T
, T
, T
, T
, T
, T
, T
, T
, T
, T
, T
, T
, T
, T
, 1, ll
, B
)
‘
, }
t

q
1
ON
y
, d }
|
« "
.
4
i
\
| \
, f
q
©
,
)
q
\
, A }
(
id \.
N
A
}
"
. \
, « }}
(
t q
p
A
}
"
\
, ‘ i"
* yy
(
« ‘
; P)
, d }
(
°
»
"
, ,
, 7, 7, 7, 7, 7, 7, 7, 7, 7, 7, 7, 35, 35, 35, 35, 35, 35, 35, 35, 35, 35, 35, 35, 35, 28, 28, 28, 28, 28, 28, 28, 28, 28, 28, 28, 28, 28, 28, 28, i
, i
, i
, ii
, i
, i
, i
, ii
, i
, i
, i
, i
, i
, i
, 36, 36, 36, 36, 36, 36, 36, 36, 36, 36, 36, 36, 36, 36, 36, ]
, ]
, ]
, ]
, ]
, ]
, ]
, ]
, ]
, ]
, T
, ]
, ]
, ]
, ]
, ]
, ]
, i
, 1, Ti
, Ti
, Ti
, Ti
, Ti
, Ti
, Ti
, Ti
, Ti
, Ti
, Ti
, Ti
, Ti
, 36, 36, 36, 36, 36, 36, 36, 36, 36, 36, 36, 36, 36, 36, 36, 36, 1, 1, : |
, : |
, : |
, : |
, 7, T
, T
, 7, 7, 7, 7, T
, 35, 35, 35, 35, 35, 35, 35, 35, 35, 35, 35, 35, 35, 35, 35, 28, 28, 28, 28, 28, 28, 28, 28, 28, 283, 283, 28, 28, Ti
, Ti
, Ti
, 7, 7, 7, 7, 7, 35, 35, 35, 35, 35, 35, 35, 35, 35, 35, 35, 35, 28, 28, 28, 28, 28, 28, 28, 28, 28, 28, 28, Ti
, Ti
, Ti
, Ti
, Ti
, Ti
, Ti
, Ti
, Ti
, Ti
, Ti
, Ti
, Ti
, 36, 36, 36, 356, 36, 36, 36, 36, 36, 36, 36, 36, 36, 36, 1, es a
i &
a g
:
, ‘ a
|
«
, “ q
| ic
, iE i
a. fi

d 4q

t %

A ™

4 4

od fy.
, 7, T
, 7, 7, T
, 7, 7, 7, 7, 7, 7, 35, 35, 35, 35, 35, 35, 7, 7, 7, T
, 35, 35, 35, 35, 35, 35, 35, 35, 35, 35, 28, 28, 28, 28, 28, 28, 28, 28, 28, 28, 28, TI
, TI
, TI
, TI
, TI
, TI
, TI
, TI
, TI
, TI
, TI
, TI
, 36, 36, = 3
, ys]
1 3
a.
, “7
, “7
, “7
, “7
, “7
, “7
, “7
, 35, 35, “7
, “7
, “7
, 35, 35, 35, 35, 35, 35, 35, 35, 35, 35, 285, 25, 285, 285, 25, 25, 285, 285, 285, 285, TI
, TI
, TI
, TI
, TI
, TI
, TI
, TI
, TI
, TI
, 36, 36, 36, 36, 36, 36, 36, 36, 36, 36, 36, 36, 36, : |
, B |
, B |
, B |
, B |
, B |
, B |
, p |
, B |
, a |
, a |
, TI
, _ i
, 35, 35, 35, 35, 35, 35, 35, 35, 35, 35, 35, 35, 35, 35, 35, 35, 35, 35, 35, 35, 28, 28, 28, 28, 28, 28, 28, 28, 28, 28, 28, 28, 28, 28, 28, 28, 28, 28, 28, 28, 28, 28, 28, 28, 28, 28, 28, 28, 28, 28, 28, 28, 28, 28, 28, 28, 28, 28, 28, 28, 28, 28, 28, 1, 35, 35, 35, 35, 35, 35, 35, 35, 35, 35, 35, 35, 35, 35, 35, 35, 35, 35, 35, 35, 35, 28, 28, 28, 28, 28, 28, 28, 28, 28, 28, 28, 28, 28, 28, 28, 28, 28, 28, 28, 28, 28, 1, 1, 1, 1, 1, 1, 1, 1, 1, 1, 1, 1, 1, 1, 1, 1, 1, 1, 1, 1, 1, 1, 1, 36, 36, 36, 36, 36, 36, 36, 36, 36, 36, 36, 36, 36, 36, 36, 36, 36, 36, 36, 36, 36, 36, 36, 36, 